1444565 1450992
1918693 1750016
1281196 1291186
1914064 1129354
1850473 1705127
1237391 1273391
1470432 1032821
1058767 1371416
1220981 1122999
1448716 1447816
1650123 1510236
1918208 1707890
1469744 1962051
1928183 1701412
1869662 1759492
1231242 1231422
1609905 1909065
1311575 1771467
1410069 1951868
1213437 1789829
1097482 1061502
1263766 1383291
1969292 1336247
1780127 1780712
1738015 1475954
1981702 1415620
1717051 1515971
1186335 1072462
1647478 1659473
1706846 1866407
1627099 1512421
1436659 1125637
1660764 1897916
1248116 1035737
1856035 1971929
1716199 1097060
1359327 1874703
1238134 1338214
1976554 1900312
1032345 1130057
1164946 1664941
1965393 1221548
1075164 1670541
1800036 1736538
1622306 1875357
1441432 1512241
1070816 1922405
1838238 1658216
1954241 1880431
1964740 1037783
1951319 1931915
1185448 1364468
1414614 1441615
1663884 1194277
1926829 1926829
1238309 1674659
1388820 1470155
1152913 1253911
1439674 1987158
1468518 1816548
1216564 1625414
1978290 1643660
1885428 1496735
1203179 1557384
1048312 1884226
1004397 1699222
1802408 1644887
1980610 1890100
1601783 1630871
1127084 1416351
1961750 1609751
1897570 1869362
1389422 1629907
1749416 1252526
1233916 1254885
1226556 1626255
1248151 1148215
1014704 1106952
1792565 1763300
1185007 1098647
1976031 1137960
1307190 1300197
1533885 1404766
1574601 1655257
1150519 1309922
1526666 1251430
1608649 1878573
1489479 1196214
1740800 1740080
1787892 1431887
1830855 1140321
1571689 1354207
1485690 1254835
1186017 1781610
1479992 1258350
1800437 1013211
1574925 1286521
1375440 1226180
1496393 1493396
1368613 1696026
1320632 1023632
1589396 1786042
1388083 1554654
1353040 1035043
1619477 1933071
1599012 1257788
1039383 1318725
1418133 1440364
1748730 1816259
1965714 1187513
1555388 1553858
1208688 1868802
1581589 1718668
1442493 1342494
1071628 1021687
1233956 1633952
1516116 1561611
1139384 1493907
1861996 1698916
1087757 1800881
1964740 1362458
1806221 1943799
1948422 1171788
1734511 1965231
1500840 1908864
1668050 1852313
1234455 1244355
1844820 1044828
1050274 1540907
1678747 1071883
1927223 1923722
1626962 1293586
1326778 1491220
1944422 1449224
1795137 1005189
1094217 1074921
1095880 1745039
1743752 1511111
1637439 1263804
1402305 1318093
1097388 1822186
1293976 1980840
1835392 1214133
1987855 1167931
1673213 1623713
1464166 1956548
1677091 1067791
1580820 1652195
1018427 1418027
1795198 1719598
1989634 1754437
1750100 1709767
1615061 1650611
1968607 1740206
1187141 1982068
1727777 1727777
1333331 1313333
1899312 1949216
1387686 1742768
1603650 1971494
1449085 1254008
1565821 1096337
1914352 1914253
1832070 1863448
1151157 1541137
1238179 1614904
1550548 1461223
1168470 1404530
1023435 1567525
1897752 1386359
1023168 1018362
1667052 1652076
1813478 1818473
1621728 1705872
1035311 1105313
1638516 1638165
1331156 1717893
1928157 1751034
1356791 1659071
1726776 1726767
1538443 1526177
1870993 1722718
1022945 1762950
1633212 1929054
1909534 1111800
1903684 1588981
1524704 1424075
1107243 1437210
1823442 1822443
1324375 1203110
1137884 1511673
1314877 1162170
1521460 1491745
1807265 1109351
1426331 1396065
1245252 1425225
1857581 1704455
1676386 1386667
1028976 1149385
1750756 1861595
1591937 1795931
1046076 1950963
1903288 1293808
1379936 1236710
1114457 1471451
1359187 1074711
1824634 1077644
1099432 1727852
1384971 1849173
1794129 1794192
1591497 1547199
1261308 1437096
1508101 1220766
1288268 1288268
1512843 1770192
1223960 1530461
1054322 1291073
1770687 1575613
1852566 1500970
1208751 1125565
1234020 1882890
1108895 1108895
1208955 1258950
1055576 1565750
1381226 1082892
1058904 1657637
1391588 1545355
1469142 1076359
1203442 1023442
1897311 1397118
1288453 1026203
1256335 1647285
1472217 1095259
1440002 1336172
1072413 1068328
1435473 1230762
1764865 1874665
1706110 1902760
1381755 1031412
1944679 1474167
1888357 1718053
1448455 1968296
1590399 1509399
1652586 1330975
1701934 1001345
1048504 1914404
1281468 1343270
1720764 1351062
1613070 1788561
1108621 1620598
1179100 1019107
1785090 1459970
1090930 1467276
1837835 1391232
1841030 1083717
1966627 1559063
1985776 1208401
1874324 1447328
1231004 1047383
1100470 1700401
1378217 1749640
1025587 1072558
1841920 1355048
1056607 1278190
1604595 1469250
1008761 1108760
1756140 1380594
1367464 1055821
1841311 1617020
1912102 1182092
1106784 1359606
1655749 1655947
1627784 1824767
1643947 1108841
1806392 1268479
1025808 1734958
1334733 1632363
1498924 1449829
1833990 1623274
1651862 1115835
1089845 1690270
1039113 1889839
1640456 1687518
1966210 1966210
1986313 1308941
1265482 1975929
1673053 1750832
1456718 1456187
1207242 1720242
1248545 1751985
1887701 1870817
1850600 1064564
1001887 1223943
1208339 1933689
1467524 1961265
1963986 1879588
1162663 1475405
1926341 1110437
1461499 1503632
1024168 1639202
1800913 1736676
1870553 1660265
1484503 1192270
1280100 1154115
1823779 1508668
1091086 1001869
1283360 1023836
1298400 1270516
1731053 1982796
1869780 1203827
1574200 1143415
1732835 1353872
1302263 1670850
1938235 1264922
1344397 1742498
1713603 1889657
1353692 1875239
1560309 1154617
1880148 1676556
1603194 1778672
1608516 1384806
1103914 1583805
1338024 1816408
1765453 1065858
1462214 1214246
1855019 1558091
1222089 1878000
1139067 1136079
1522633 1562332
1994670 1064799
1725927 1759722
1802880 1831655
1164067 1167064
1636938 1056283
1410850 1031026
1857513 1454039
1553485 1848388
1439170 1956507
1180053 1644040
1365927 1817613
1482419 1267198
1002436 1073117
1883434 1406870
1021803 1008132
1528645 1562548
1877989 1977898
1337661 1301099
1206872 1227110
1635857 1657835
1614364 1686931
1693631 1391636
1740973 1916854
1894947 1429404
1545336 1554363
1796801 1117413
1945462 1737123
1049885 1840589
1824880 1855911
1560720 1609654
1196523 1395216
1184881 1554037
1989791 1055885
1557383 1614045
1938218 1240218
1675536 1132570
1203786 1273860
1018769 1027573
1552285 1064391
1988389 1929548
1666600 1666600
1490701 1619011
1430096 1863817
1155868 1402173
1240545 1920921
1763460 1715221
1062590 1829956
1655560 1625858
1071867 1196067
1506216 1863237
1915353 1587275
1096261 1865998
1312620 1966972
1400247 1644256
1071910 1071091
1172461 1614712
1277838 1834870
1740978 1147302
1432673 1632743
1637690 1603967
1860980 1382075
1983255 1855239
1952454 1449026
1079846 1898512
1562303 1325306
1363977 1113392
1452182 1152284
1615597 1703933
1040337 1500687
1928190 1998120
1202066 1948217
1143680 1108376
1697835 1777280
1771718 1715031
1208693 1308692
1487617 1067536
1250558 1147895
1872724 1961109
1499019 1181753
1376531 1331576
1736479 1934677
1820174 1485836
1725240 1647374
1686316 1900342
1230434 1594621
1434616 1324650
1135263 1315263
1798987 1224478
1603604 1063046
1165729 1215976
1936310 1336774
1748839 1044731
1023770 1003772
1389618 1662572
1696086 1563942
1921162 1921261
1535432 1523435
1599031 1783518
1021443 1406949
1639026 1370228
1264788 1428036
1827678 1153099
1207214 1580418
1487266 1746268
1163030 1100495
1220358 1778399
1258612 1560563
1664442 1442466
1830453 1406088
1699764 1731900
1224145 1073069
1301741 1979913
1581969 1280316
1913617 1306448
1568512 1917527
1023544 1379795
1163690 1460471
1308539 1310872
1050012 1545435
1772025 1370035
1956140 1757584
1239130 1910588
1287811 1318771
1604492 1894478
1241793 1792413
1347705 1755364
1734967 1836686
1080302 1537127
1190074 1396840
1177536 1717536
1477569 1042298
1463992 1207563
1808457 1088457
1660341 1606341
1767735 1767537
1693100 1912409
1891801 1379289
1712529 1320877
1164446 1063612
1244660 1128585
1785299 1197502
1759732 1750673
1084916 1205764
1078529 1566102
1413586 1486531
1149193 1447031
1155432 1862604
1285380 1398017
1693280 1690283
1008129 1219891
1214654 1768180
1483271 1843011
1142834 1820982
1417824 1812447
1454325 1723750
1380257 1906651
1790249 1058873
1750878 1770588
1656621 1156626
1504644 1655323
1348440 1344084
1940733 1525172
1721796 1727196
1479895 1519237
1032307 1636911
1826963 1793039
1460970 1276129
1462314 1651577
1286004 1416697
1357423 1343257
1617793 1677391
1460936 1066934
1555525 1555552
1218952 1818311
1533568 1383610
1326918 1623317
1697571 1657197
1551178 1631202
1874854 1033319
1186589 1367218
1996285 1453451
1698382 1452697
1235995 1953259
1811603 1273464
1888278 1888278
1150490 1108437
1873122 1697679
1216037 1364836
1306443 1071488
1045206 1526400
1345443 1389966
1476634 1637446
1667617 1593757
1693736 1624802
1413337 1147333
1538300 1974135
1641873 1743816
1173940 1075265
1512997 1310608
1717425 1530902
1020629 1769256
1342610 1979428
1385019 1036882
1742703 1222620
1574653 1525332
1929646 1214402
1416129 1614192
1529758 1902250
1292187 1559224
1644315 1909462
1100026 1906362
1908577 1657454
1607146 1558556
1795520 1752095
1841363 1846313
1610319 1942603
1625186 1619961
1670584 1520614
1522706 1880064
1296634 1722421
1350134 1162807
1692355 1592356
1357150 1992964
1165365 1601243
1754244 1744254
1641508 1617535
1235776 1044026
1278829 1872982
1457119 1280572
1829820 1967128
1258802 1826840
1133245 1512065
1238116 1675813
1392749 1329974
1926923 1161136
1627120 1328629
1623120 1632021
1494649 1579401
1714669 1916467
1448120 1992306
1074196 1614790
1113456 1821690
1195998 1416727
1133376 1896760
1989800 1557138
1316409 1957445
1605917 1747271
1931818 1811938
1654579 1532715
1144805 1910673
1685578 1058663
1899743 1993874
1293156 1716906
1358870 1593223
1906412 1145240
1425764 1230362
1822836 1798313
1384625 1209988
1301438 1661997
1449367 1479364
1351901 1951301
1454923 1298572
1283012 1582064
1684183 1776442
1194239 1226694
1369054 1222602
1148815 1186832
1508664 1567672
1877686 1139369
1248657 1724959
1399069 1738808
1997006 1748059
1136265 1791657
1427727 1152912
1959856 1506859
1003561 1106503
1166775 1166775
1754439 1826909
1191905 1142958
1960575 1925007
1456830 1458630
1260121 1061202
1056823 1817578
1148581 1644009
1200131 1910702
1466500 1171614
1334809 1330948
1154347 1252844
1888705 1792195
1492741 1653279
1075585 1742035
1020679 1588230
1707454 1610217
1562173 1109536
1813813 1936871
1128280 1382432
1504233 1426442
1519025 1807584
1259224 1249252
1992246 1292593
1371176 1761173
1796133 1458560
1955818 1325982
1560718 1116705
1868732 1862738
1528486 1290864
1221991 1112992
1651176 1957137
1032667 1269766
1168210 1494632
1964889 1868949
1251532 1136557
1105442 1102454
1445782 1400256
1422129 1481867
1539636 1813973
1733335 1735333
1044383 1344380
1705170 1568560
1800562 1956835
1729839 1573438
1626928 1071469
1928847 1828749
1406298 1802694
1118485 1383088
1777247 1310583
1041210 1101204
1322165 1001943
1897839 1836210
1201358 1266298
1916868 1966188
1577985 1921393
1206457 1756791
1908706 1432193
1437934 1181199
1084461 1423323
1158169 1825926
1416655 1165654
1781406 1016941
1082038 1873698
1712698 1729816
1574162 1156763
1926962 1210538
1163848 1316848
1086315 1044339
1102604 1402601
1452280 1452802
1256288 1211533
1669936 1660054
1218489 1664603
1689037 1637980
1336404 1826848
1505149 1639705
1195302 1256497
1097891 1190897
1697319 1855036
1093009 1093900
1785126 1576128
1257180 1050190
1354771 1689421
1094950 1501645
1116383 1116338
1189379 1018293
1939526 1629343
1838669 1737130
1533174 1017546
1946739 1994637
1285202 1285202
1647296 1739150
1882950 1143568
1778641 1967683
1126656 1481624
1190562 1391525
1068838 1355083
1070433 1070433
1160777 1078914
1796980 1647200
1747095 1546503
1122013 1363401
1815567 1746042
1785056 1873922
1587996 1857996
1656058 1508339
1707951 1542847
1689272 1114618
1311271 1311271
1292015 1592102
1509046 1965040
1807453 1098917
1130238 1149289
1333658 1676637
1036104 1602509
1991202 1667508
1643189 1360693
1915722 1152729
1576403 1284293
1757829 1573940
1392731 1090680
1614495 1519446
1260740 1166435
1584430 1633517
1365895 1410704
1724822 1930794
1297639 1396831
1227313 1217323
1869840 1600834
1396002 1832709
1923867 1991691
1634433 1861251
1753613 1183007
1889692 1928698
1125957 1372114
1160793 1368608
1458350 1647743
1895328 1671218
1309400 1136717
1831553 1306842
1163335 1354743
1624691 1072679
1008272 1987837
1953441 1897217
1368794 1368794
1799904 1861796
1368608 1668637
1916815 1950156
1751745 1603734
1197487 1198774
1058841 1922657
1228954 1961503
1593248 1332250
1748503 1848528
1733302 1576102
1446905 1594094
1937333 1707399
1912032 1632834
1342178 1472381
1488069 1271267
1254520 1255420
1362861 1179481
1454492 1634819
1400883 1720131
1374549 1395744
1215479 1535768
1146439 1883735
1863233 1388683
1217428 1368608
1914429 1914249
1666534 1298622
1926168 1348186
1924048 1336494
1489858 1196296
1980741 1784190
1177777 1929330
1460126 1693050
1595724 1172989
1371510 1553036
1870256 1547148
1250275 1206989
1368608 1249794
1367377 1376377
1545976 1972154
1278284 1427756
1376990 1937605
1606262 1489256
1446797 1785203
1799134 1497193
1884387 1540106
1637916 1858744
1428798 1004085
1020410 1619656
1201288 1739086
1667836 1251959
1866991 1565163
1497579 1497597
1608824 1608428
1064772 1119447
1110790 1790011
1075471 1960829
1201237 1702213
1260630 1554180
1422210 1723245
1996015 1043645
1063790 1915068
1370739 1770933
1868570 1714077
1259904 1121779
1699584 1786486
1049555 1559405
1329210 1368608
1660830 1066830
1084550 1084550
1939222 1929232
1883082 1898666
1428429 1824429
1488330 1022030
1680679 1078696
1944931 1945801
1484709 1221974
1300447 1136128
1626038 1860509
1070162 1108418
1257198 1958172
1995319 1939915
1983854 1776676
1476207 1492470
1887664 1487668
1118712 1123869
1638608 1632909
1062601 1290403
1557625 1521395
1604537 1596799
1178319 1664588
1132418 1570122
1938514 1468767
1136439 1136439
1033225 1330225
1973125 1815009
1336476 1123876
1310510 1615047
1609193 1693190
1072492 1775555
1572388 1528738
1693511 1659113
1781343 1059903
1357551 1638608
1847924 1448797
1524019 1089387
1103562 1601588
1690588 1443657
1002170 1107470
1362127 1442359
1225599 1522995
1113060 1638068
1183736 1049882
1075886 1605887
1062924 1402926
1104020 1004012
1161579 1895963
1689053 1916387
1566590 1611630
1905321 1016777
1545015 1689694
1195398 1199385
1018976 1485794
1111126 1288937
1695403 1333259
1540042 1045042
1553658 1431603
1095715 1537491
1067994 1242036
1772522 1275722
1961221 1819552
1068214 1328343
1999031 1199039
1097411 1079909
1114018 1723307
1829607 1717361
1279603 1348823
1964467 1032970
1759041 1441103
1963328 1504302
1588624 1584826
1906537 1663569
1943569 1452867
1336435 1885197
1518072 1529772
1477915 1471579
1666780 1163462
1985570 1915589
1401270 1322906
1321835 1487124
1413232 1255838
1054437 1308243
1416929 1216902
1822516 1852612
1682378 1439927
1962944 1120673
1729968 1563875
1991060 1328139
1164007 1857505
1125902 1160420
1860025 1464390
1520124 1283445
1698656 1020299
1844906 1898443
1901025 1771801
1399621 1369129
1356126 1318297
1303945 1345930
1452272 1063552
1568933 1091984
1723110 1187305
1729322 1729223
1252017 1591645
1381539 1190503
1909033 1339900
1911994 1759963
1848574 1374431
1386790 1171203
1974494 1979807
1689748 1366331
1319815 1351918
1916480 1980930
1041966 1376093
1073951 1660592
1291229 1992221
1755231 1392017
1115787 1434085
1164907 1843457
1583753 1676577
1401455 1224203
1677885 1439746
1024060 1794840
1754525 1962115
1453761 1932375
1206569 1731670
1027642 1627240
1569916 1823883
1263711 1612713
1027073 1900803
1498125 1438841
1905719 1175099
1264261 1286064
1043152 1413022
1625255 1112071
1199099 1199099
1824314 1226879
1625175 1676243
1147021 1047121
1557317 1573580
1892295 1768657
1273573 1373572
1263947 1424031
1928655 1190389
1421278 1536426
1426812 1839219
1915044 1294217
1896877 1265931
1680177 1134402
1454274 1754244
1517672 1494500
1908112 1375156
1137455 1375154
1578320 1479423
1183885 1327660
1312411 1698313
1289922 1545612
1743514 1732700
1248318 1796960
1454972 1942574
1348412 1133092
1334358 1322449
1274806 1033699
1110808 1842984
1501429 1021518
1843582 1345288
1408757 1177821
1090465 1637046
1875811 1581817
1471287 1471728
1739908 1378909
1722247 1561857
1425708 1638068
1869824 1690366
1921135 1512139
1849733 1696590
1238296 1900818
1081324 1410125
1027580 1720085
1276471 1276714
1638680 1638068